ForexRate.01=29.87000
ForexRate.21=30.37800
ForexRate.11=0.21700
ForexRate.05=20.74100